id,EAP,HPL,MWS
id02310,0.24688315699729915,0.09987365684158561,0.6532431861611152
id24541,0.675762757414746,0.27435607450032923,0.04988116808492462
id00134,0.057714262196640956,0.8587989522044773,0.08348678559888183
id27757,0.5459094875945215,0.3054517846593668,0.1486387277461117
id04081,0.39110620366981413,0.17067340300645947,0.4382203933237263
id27337,0.6398693032559143,0.25341252489167626,0.10671817185240938
id24265,0.9129103502960996,0.05331166923974509,0.03377798046415535
id25917,0.14668755269325257,0.5160121959442003,0.33730025136254715
id04951,0.9592796427655297,0.028381801450724435,0.012338555783745967
id14549,0.8455296432178078,0.04031828312362094,0.11415207365857127
id22505,0.13992670875182786,0.2909146612658939,0.5691586299822782
id24002,0.06062127583028348,0.8486020512917438,0.09077667287797272
id18982,0.130827250688262,0.24047771555209146,0.6286950337596465
id15181,0.18220259643022682,0.7207152756371862,0.09708212793258691
id21888,0.6801391124668047,0.10867207282579841,0.21118881470739687
id12035,0.10590000896186441,0.019604276071349788,0.8744957149667858
id17991,0.39556650921851777,0.10885597971989379,0.49557751106158837
id10707,0.9759138545022529,0.014873636904881266,0.009212508592865942
id07101,0.602276603033866,0.11761609790891724,0.28010729905721676
id00345,0.742361460893845,0.18430836962880784,0.07333016947734709
id05912,0.7057557717785667,0.15049242597247503,0.1437518022489583
id13443,0.4443562613817685,0.2843090716318348,0.27133466698639674
id09248,0.3207048493706259,0.19723466552068825,0.48206048510868593
id17542,0.23323102441408247,0.47726281654528974,0.2895061590406279
id06995,0.3841453499506485,0.11305550849656491,0.5027991415527866
id25159,0.33199321155125056,0.11004559332974906,0.5579611951190003
id25729,0.3190734285555668,0.43284707612878137,0.24807949531565182
id26949,0.7297840653515555,0.13531321112313224,0.1349027235253122
id27191,0.13063981982752576,0.025268002173500385,0.8440921779989738
id07668,0.21795734566595076,0.05138001064806229,0.7306626436859869
id02230,0.23642289605587938,0.30923015040554785,0.4543469535385727
id15553,0.9319479625817143,0.025754632313570638,0.04229740510471507
id25688,0.0673275914266027,0.7944459175525647,0.13822649102083248
id17545,0.5457008736384827,0.32687453873028455,0.1274245876312327
id13929,0.3216153546555884,0.34267078142932017,0.33571386391509145
id12880,0.3585412243404726,0.4450444131191055,0.19641436254042208
id19282,0.5441685585113172,0.3133058281363739,0.14252561335230884
id14690,0.0340095334363907,0.05081160281135416,0.9151788637522551
id17975,0.39192530504324863,0.4056783937916275,0.20239630116512375
id08037,0.863530299132373,0.05911956238692474,0.07735013848070231
id15412,0.4618586644952494,0.05301532466375134,0.4851260108409992
id25032,0.4884997097061585,0.1465772773541062,0.36492301293973517
id27165,0.8773190219112309,0.08069106184782486,0.04198991624094423
id03327,0.5255602321762947,0.291839335481697,0.1826004323420084
id18515,0.6475853911964051,0.20175751542534875,0.15065709337824612
id21003,0.37635344958907,0.19618012958164818,0.4274664208292818
id23855,0.060130973539022435,0.7578977079091904,0.18197131855178722
id20724,0.6923592548789037,0.17567576027420811,0.1319649848468881
id13303,0.615070252468977,0.1571342949587492,0.22779545257227388
id16521,0.14557483919238545,0.3499830875983016,0.504442073209313
id20775,0.9502771667299029,0.03049006871331176,0.01923276455678519
id13029,0.6530182285934909,0.1405765195224517,0.20640525188405742
id14660,0.8274112811509229,0.10906048237730108,0.06352823647177593
id11028,0.07392346354885469,0.013838213690451505,0.9122383227606937
id14180,0.8951650470872918,0.07402654894662032,0.030808403966087868
id25860,0.8643317232156404,0.07521936448704351,0.06044891229731616
id11910,0.41868711833479566,0.07111335028516363,0.5101995313800407
id08065,0.05190200552430457,0.06522896622117476,0.8828690282545207
id22674,0.13554909759790865,0.12673046954358197,0.7377204328585094
id25018,0.5286899656053917,0.0799437152679402,0.391366319126668
id10892,0.12625083322558,0.8159269032751966,0.05782226349922341
id10217,0.5643246574046027,0.32564890748765474,0.11002643510774264
id12996,0.3992363598322329,0.15964575249431856,0.44111788767344867
id18262,0.5318341067080143,0.22470690594170203,0.24345898735028357
id08606,0.17328993441602483,0.6887802384977223,0.13792982708625276
id17233,0.5695290560480731,0.17329569330313885,0.2571752506487881
id00101,0.512646821475932,0.37924228742469046,0.10811089109937744
id12225,0.46926511467412096,0.24420889499251938,0.2865259903333595
id01364,0.2109817324841881,0.730184426080445,0.05883384143536689
id24973,0.752247722063374,0.03844612326560779,0.20930615467101818
id25363,0.3251442765860002,0.042358776598966155,0.6324969468150337
id10061,0.2733510818434999,0.13479276226083242,0.5918561558956678
id17673,0.402806929718859,0.21799227033448787,0.3792007999466532
id13249,0.18327705511974185,0.1338256256071669,0.6828973192730912
id10107,0.2296471067382129,0.10914883135132679,0.6612040619104602
id04403,0.7846725281836686,0.09212652657436331,0.1232009452419681
id25728,0.5520643430049005,0.22666888964992393,0.22126676734517567
id16184,0.23566812110116292,0.2755937249224011,0.48873815397643583
id03438,0.31654561334679615,0.07044080822472473,0.6130135784284791
id22923,0.1570798584501748,0.78166325563827,0.061256885911555176
id08610,0.8593346326077077,0.037246584775937244,0.10341878261635501
id25355,0.24062292512116124,0.19989484160010446,0.5594822332787343
id16916,0.3445130696478587,0.5475490515185407,0.10793787883360052
id12793,0.22664811692174713,0.6029547823122648,0.17039710076598802
id11859,0.5995033990615616,0.08264633831342805,0.3178502626250104
id02434,0.8966237745458387,0.049406604133111064,0.05396962132105012
id27703,0.04551914397888595,0.01997215750132443,0.9345086985197897
id25212,0.13318587418899794,0.6392663860686911,0.22754773974231104
id11308,0.16803224786743248,0.11225999405095981,0.7197077580816076
id26094,0.8183059760497782,0.10399418655239673,0.07769983739782503
id22080,0.5132956574121958,0.44208589735567455,0.04461844523212958
id03545,0.7344247330460698,0.17687398075185523,0.08870128620207499
id23725,0.14424693197225658,0.14678731833396244,0.708965749693781
id12009,0.5654273566139673,0.264268592419215,0.17030405096681764
id24241,0.21345670683484289,0.4921947088160053,0.2943485843491518
id03596,0.16016291380071013,0.7644521741498567,0.0753849120494332
id10749,0.24129163262209982,0.5770352908678159,0.18167307651008435
id22794,0.09689968435791206,0.11398228125446919,0.7891180343876187
id15482,0.2597937278016834,0.30268427113016627,0.4375220010681502
id04833,0.43523521783571256,0.31829214388254734,0.24647263828174007
id00397,0.11455028504572709,0.03139393104935557,0.8540557839049173
id14691,0.1873292633417018,0.4239002153354683,0.3887705213228299
id05193,0.38449659761216687,0.1273854342191226,0.48811796816871067
id19541,0.757804903895476,0.15752529090606424,0.0846698051984598
id22166,0.061391588176454674,0.03226537723125368,0.9063430345922916
id20744,0.03635516991220226,0.010831283014808003,0.9528135470729897
id10392,0.028402106137752077,0.10077503135628371,0.8708228625059642
id00770,0.886846340179672,0.055441553728302555,0.05771210609202552
id06018,0.4299964907868656,0.48949446756660225,0.08050904164653216
id15678,0.5072268282098227,0.1768187948045488,0.31595437698562856
id08305,0.6812175833343225,0.24899954879381161,0.06978286787186583
id08903,0.42458976460028297,0.09865614213338258,0.47675409326633444
id14752,0.5789238849787975,0.30448547503614687,0.11659063998505552
id12468,0.3241525646351095,0.6284761773865413,0.04737125797834917
id05085,0.5668305469143119,0.279094673226036,0.15407477985965212
id21993,0.2572964073475835,0.046195414782947836,0.6965081778694687
id15503,0.7065534036188709,0.17219360625273364,0.12125299012839556
id03021,0.1443903359334143,0.6693557846587721,0.1862538794078137
id16123,0.8596764615434312,0.0758823159519194,0.06444122250464936
id19383,0.6860805671601834,0.18024681696904346,0.13367261587077317
id04186,0.8747807751883615,0.02308435407463818,0.10213487073700038
id17954,0.056584535259797834,0.06616192089484436,0.8772535438453579
id12030,0.24219344502843182,0.028326562197780025,0.7294799927737882
id13020,0.6677862666306157,0.21141541355516233,0.12079831981422193
id25327,0.088960925111591,0.6280588934791804,0.2829801814092286
id16344,0.2822999708838899,0.17060625159566437,0.5470937775204459
id12303,0.4313258578815626,0.502259909679356,0.06641423243908158
id15017,0.8652110391249215,0.11630909585658683,0.0184798650184915
id22308,0.21632653119322542,0.1684166805719497,0.6152567882348249
id06536,0.1603985731159216,0.4773764432260616,0.36222498365801686
id19797,0.21847079698709537,0.6381640311262361,0.14336517188666853
id06332,0.33669815937052694,0.31757689596145233,0.3457249446680207
id22941,0.15926398413565884,0.4060837838957326,0.4346522319686086
id13547,0.08135366349379804,0.3909731624951041,0.5276731740110978
id06928,0.25700774686079736,0.03985773584387453,0.7031345172953282
id12521,0.3750874655810008,0.36832898361314576,0.25658355080585343
id25716,0.4503931209535467,0.051270027286880515,0.4983368517595728
id27116,0.03611341297312324,0.008817413177339903,0.9550691738495368
id19941,0.30771199647003766,0.5612234375699704,0.13106456595999177
id05711,0.04077512231661146,0.01664156632954957,0.942583311353839
id02097,0.12132196616211055,0.2747014432650998,0.6039765905727897
id03563,0.05779551427855578,0.8984537365903207,0.04375074913112348
id02295,0.3636472465818208,0.47595275269571424,0.16040000072246507
id08179,0.8097304690177515,0.08474820528934315,0.10552132569290529
id05332,0.3865625551807661,0.4873185639533539,0.12611888086587986
id15697,0.4305713936366332,0.2376708705450915,0.33175773581827517
id17026,0.24238671692844507,0.11523378419571807,0.6423794988758368
id04243,0.6642842298298893,0.21285181078209894,0.12286395938801166
id13175,0.6397073403459083,0.17862137342876294,0.18167128622532874
id05387,0.7066566933042362,0.1474921784854638,0.14585112821029997
id19989,0.6393029506425988,0.21006125515884408,0.15063579419855702
id25173,0.18779386135866458,0.17928244205407706,0.6329236965872583
id08925,0.23652294912771704,0.6799823918296669,0.08349465904261616
id03034,0.1432041681228408,0.7185006027034815,0.13829522917367768
id13272,0.13158400023454334,0.7388798491927732,0.12953615057268342
id07956,0.6146353443732312,0.0960573125016425,0.28930734312512624
id02648,0.0688450364372752,0.04974705338473229,0.8814079101779925
id01778,0.14645489159019648,0.18862234395376903,0.6649227644560345
id12846,0.12495305746105152,0.050491622734765665,0.8245553198041827
id19001,0.2999170624942582,0.11065979011348803,0.5894231473922539
id05763,0.595466744502055,0.19298691626470063,0.21154633923324448
id15590,0.14864526829293664,0.048930659372465005,0.8024240723345984
id04912,0.5013475947698991,0.2803906826083517,0.21826172262174923
id21201,0.588651108330182,0.26319393724782975,0.14815495442198834
id13215,0.8907213799870201,0.013847463308301783,0.09543115670467817
id15612,0.1912108834567565,0.7017592336163019,0.10702988292694164
id18501,0.433618264878512,0.23993324883103095,0.32644848629045703
id07223,0.6361981394748165,0.19492794346816897,0.16887391705701452
id06707,0.26381251999417576,0.3537426563668388,0.38244482363898546
id05238,0.08477610190202835,0.8757881253679436,0.03943577273002801
id00935,0.13912853614695905,0.45160629298354577,0.4092651708694951
id00110,0.4017030724700412,0.12398046838038308,0.47431645914957565
id17476,0.6870212726678858,0.21259426934104286,0.10038445799107132
id15170,0.8181641448234983,0.13623822336470054,0.045597631811801126
id13397,0.34447353039802914,0.13527763780710245,0.5202488317948684
id24283,0.7206407879316465,0.21411625603651255,0.06524295603184098
id15234,0.8693028593097705,0.09126157372434512,0.03943556696588435
id16884,0.42467335618310625,0.3331426592334738,0.24218398458341991
id07831,0.5077388309737206,0.26274823919533696,0.22951292983094237
id16038,0.7041521625928105,0.21349813139417176,0.08234970601301775
id03629,0.678363765456398,0.21354332424048822,0.10809291030311384
id21019,0.6920687496620093,0.1945025256297726,0.11342872470821803
id21835,0.31705099466191766,0.34761952657849604,0.3353294787595862
id04480,0.22962042268698837,0.7181685021625211,0.05221107515049034
id20838,0.5886570024900756,0.24930934128998608,0.16203365621993837
id24195,0.37930772811771507,0.30786376410551947,0.3128285077767655
id05448,0.5444918578435264,0.36091186122470525,0.09459628093176826
id15957,0.19769913621123852,0.6891096275344867,0.11319123625427481
id19956,0.056559204709683036,0.017007545958354076,0.9264332493319629
id15104,0.156725991770626,0.16796228112931758,0.6753117271000565
id17559,0.5388520918405095,0.25972443065249456,0.20142347750699596
id16839,0.2804606244420417,0.2063341304515239,0.5132052451064344
id14493,0.5334385440451345,0.08162641654495616,0.38493503940990936
id08833,0.6894836609164037,0.05671195322701609,0.2538043858565803
id15723,0.32127442462209554,0.0643661341940156,0.6143594411838889
id02716,0.7799691449773059,0.12277281645758807,0.09725803856510597
id06689,0.20052772136179642,0.6910119498930071,0.10846032874519654
id18837,0.2483318931830774,0.10710100232940811,0.6445671044875144
id04466,0.7566281234592462,0.18494713821907954,0.05842473832167417
id00686,0.5488082588881774,0.2288975144684232,0.22229422664339937
id09010,0.2659500528467143,0.6778019578456937,0.0562479893075919
id23353,0.9504086434731864,0.014914883105905797,0.034676473420907857
id00066,0.5956244038807863,0.2936679568588281,0.11070763926038545
id15724,0.3604683500556843,0.3892854664963949,0.25024618344792093
id23486,0.22765350638755433,0.06329488985422232,0.7090516037582233
id22258,0.09495102419137037,0.08206614018073648,0.8229828356278932
id02292,0.4557066704171468,0.3085358664224858,0.23575746316036736
id16356,0.4600093928094588,0.21280590006773956,0.3271847071228017
id00235,0.47476377301811185,0.13271912680805745,0.39251710017383085
id25522,0.17450316508441502,0.1269821083341556,0.6985147265814293
id04204,0.35171228573597096,0.5895940978511081,0.0586936164129209
id22016,0.5557138479388521,0.12385578809373828,0.3204303639674096
id06480,0.0808099732636348,0.8313286803828055,0.08786134635355973
id08718,0.2682406234312082,0.021365168953410587,0.7103942076153811
id05251,0.10238511537803503,0.785077088109503,0.11253779651246182
id03359,0.42656526887367535,0.18348719569234903,0.3899475354339757
id16117,0.1980809507888613,0.03944808506069182,0.7624709641504469
id17000,0.05845635994756612,0.8885509144082333,0.05299272564420063
id01730,0.16312066413446313,0.7163421733773508,0.12053716248818613
id00630,0.8991378598679965,0.07769980735043448,0.023162332781568915
id18175,0.401565376517357,0.09892439934005298,0.49951022414259
id00907,0.6136459420787052,0.1646435767654689,0.22171048115582592
id18251,0.14647938680421907,0.787392200542005,0.06612841265377588
id25861,0.315251906917001,0.5055573685165841,0.17919072456641494
id00398,0.5091670495341486,0.3289184580336117,0.16191449243223976
id27573,0.8366376243367407,0.027785446296039358,0.13557692936721988
id10022,0.13261701879945756,0.4535659806979554,0.4138170005025871
id15901,0.24951648335464768,0.04527395609731074,0.7052095605480416
id00451,0.23611142916942945,0.336348907672682,0.42753966315788855
id23129,0.1663156656637857,0.7513513471606209,0.08233298717559343
id26498,0.5000032819352586,0.16933199916786346,0.3306647188968781
id14741,0.3924760976749386,0.3992399623645181,0.20828393996054323
id18453,0.4115557981273345,0.1356849909494141,0.45275921092325155
id08309,0.6194260028800037,0.31471580056151327,0.06585819655848303
id00320,0.8864741446104117,0.07866341915202561,0.034862436237562716
id07688,0.3582714667607027,0.3089152722084786,0.33281326103081865
id01556,0.08119569972479111,0.028975133185258736,0.8898291670899502
id00178,0.48625013088614766,0.21831739964822675,0.2954324694656256
id18902,0.08087330962432444,0.26241267145953373,0.6567140189161419
id27002,0.3947741489318378,0.5677891778542947,0.03743667321386743
id21418,0.817060979013344,0.12495835258226921,0.057980668404386815
id23018,0.2667520415080241,0.3120384534205321,0.42120950507144383
id07032,0.4294514842964948,0.13730810475150584,0.4332404109519993
id16195,0.5667875707799505,0.2151246165807603,0.21808781263928922
id11202,0.2917275169202162,0.5537872236962063,0.15448525938357754
id09578,0.8157757475339791,0.05960138680763927,0.12462286565838157
id26984,0.5772173510941915,0.06213750757275928,0.36064514133304926
id19856,0.25576530716525653,0.6599348493127203,0.08429984352202323
id12086,0.5559057535184565,0.15159833154337865,0.29249591493816485
id12052,0.21278657736965226,0.08069424198861196,0.7065191806417358
id17728,0.07771312517651062,0.06914021158522407,0.8531466632382653
id24608,0.280667187651576,0.18098477813873728,0.5383480342096868
id21097,0.31405973979662677,0.25703637795291473,0.42890388225045845
id20179,0.08569334233128598,0.1493814781167349,0.7649251795519791
id15144,0.5528034437490538,0.21175412379048789,0.23544243246045837
id00206,0.8948930080638237,0.05177495344654603,0.05333203848963039
id22285,0.15855911522887384,0.10863151643906332,0.7328093683320629
id06417,0.32330589949045685,0.43863278335471434,0.23806131715482873
id00215,0.3325207636389456,0.5968994161498823,0.07057982021117211
id04201,0.24048902839590292,0.20890464256688762,0.5506063290372094
id21771,0.6931325835058196,0.22386259412836393,0.0830048223658165
id12451,0.16551988418792393,0.42033951700795485,0.41414059880412124
id14250,0.13829111401563893,0.611143189336809,0.25056569664755207
id03433,0.2994714806638943,0.5091271827692726,0.19140133656683306
id03303,0.10211310132310708,0.04159938511122933,0.8562875135656636
id25901,0.2527943806292432,0.385706446038861,0.36149917333189585
id06945,0.5991906110791145,0.15372422993023158,0.24708515899065386
id05664,0.6433963343671182,0.21037664999337452,0.14622701563950727
id05741,0.9495390054603372,0.024654988084324307,0.0258060064553386
id10652,0.7531288228024773,0.12821097915121205,0.11866019804631066
id16300,0.595627064055389,0.20113436416025515,0.20323857178435584
id12319,0.6727186747805828,0.1229250985221704,0.20435622669724676
id07500,0.09638413575415997,0.8483357441972651,0.055280120048574966
id12478,0.29258884806737895,0.27994479547714973,0.4274663564554714
id03076,0.16831825225008618,0.03494889042480046,0.7967328573251132
id00969,0.32152174427595726,0.43972408413460057,0.2387541715894421
id23636,0.235739068023549,0.5565980672233181,0.20766286475313295
id09791,0.19923548217176798,0.41536294206011654,0.3854015757681155
id05680,0.10114193750000808,0.7258620959081208,0.1729959665918711
id03672,0.1389600475995601,0.6044499455342045,0.25659000686623545
id04286,0.037304480035811854,0.8255454587909966,0.13715006117319153
id23883,0.22774971040677353,0.336606783015303,0.4356435065779235
id11914,0.2634415723142455,0.09432191329601364,0.6422365143897408
id20974,0.14287177107329166,0.7867654277254691,0.07036280120123918
id26125,0.46016484466435575,0.28023957166133023,0.259595583674314
id15543,0.25219553501071007,0.06980220732094083,0.6780022576683491
id19471,0.8125006252385895,0.09794989582985605,0.08954947893155446
id11503,0.5168909245899048,0.37610751477423154,0.1070015606358637
id09321,0.09380690343872015,0.703465059887883,0.20272803667339692
id25560,0.010266590560628208,0.04257810609229293,0.9471553033470788
id06726,0.15489710710157392,0.29721781007192705,0.5478850828264991
id05709,0.8147112518969691,0.031235344084630162,0.1540534040184006
id09788,0.1970831259508963,0.4924347214036774,0.31048215264542645
id05289,0.8873707186053116,0.08708815407142266,0.02554112732326572
id11815,0.16958218926455776,0.7776567895338794,0.052761021201562834
id22422,0.4732585037390741,0.1885866930314038,0.33815480322952224
id25954,0.512903788818412,0.16024300332307603,0.32685320785851196
id13601,0.5183256781770834,0.24805534946509697,0.23361897235781967
id05677,0.502965622419806,0.3160958313570725,0.18093854622312155
id10498,0.4476267959774493,0.4942872205416112,0.058085983480939546
id02665,0.573231614385787,0.3298601066610766,0.09690827895313639
id10114,0.22822770132828837,0.47791112399963803,0.2938611746720737
id26314,0.8170798936003039,0.1126724393557767,0.07024766704391945
id21240,0.2734873701519725,0.3067485537275666,0.41976407612046096
id15569,0.9230227300604957,0.04682627312262164,0.030150996816882585
id25928,0.4561586017223537,0.23416576469770758,0.30967563357993877
id22706,0.22371005254945828,0.6569895420969134,0.11930040535362825
id20877,0.016195795372585017,0.9298687353137411,0.05393546931367383
id04318,0.7782890044151098,0.10005804392372077,0.12165295166116925
id18299,0.29936570435277127,0.28461993920846357,0.41601435643876516
id08126,0.08940204023131279,0.055385795708368823,0.8552121640603183
id14293,0.5372805130549575,0.08376990718483969,0.37894957976020277
id12759,0.6607599347116423,0.034276391156837435,0.30496367413152026
id11983,0.3609759203240124,0.3299539434332903,0.3090701362426973
id05580,0.38390087651306354,0.3556805963351667,0.2604185271517697
id25846,0.3407883394942548,0.5246946853321066,0.13451697517363848
id01939,0.664814712519457,0.12297792444320833,0.21220736303733456
id26327,0.276662050957277,0.3943551922810388,0.32898275676168426
id11068,0.020900404140214178,0.0038378451610933226,0.9752617506986926
id08404,0.7523132248838758,0.1509525378508812,0.09673423726524294
id27189,0.5510262428881734,0.3236764161206527,0.12529734099117382
id15119,0.06512478917380647,0.7808534727074239,0.15402173811876962
id26525,0.8900497196589813,0.03298378263965707,0.07696649770136162
id03618,0.34331678451103825,0.4909731365067803,0.1657100789821813
id27220,0.6491988886130018,0.23019231559576783,0.12060879579123046
id18777,0.13520814296178174,0.042804864524197225,0.821986992514021
id20213,0.7675956345937974,0.11619589555231294,0.11620846985388947
id20403,0.6223557171415355,0.18367884181632266,0.19396544104214178
id03777,0.37081391347656645,0.19849076825647402,0.43069531826695945
id10595,0.461116057307733,0.4151263424952604,0.12375760019700668
id13816,0.5675952802308821,0.1608705734800175,0.27153414628910055
id05667,0.13661174422231562,0.04070157758320209,0.8226866781944823
id24629,0.7683337149680948,0.10593358221102062,0.12573270282088456
id20398,0.2836893973607948,0.2406457948228557,0.4756648078163495
id14108,0.06918374098439177,0.02418146921562353,0.9066347897999848
id06196,0.12301263342093771,0.8035247287484039,0.0734626378306585
id02800,0.23481167412243883,0.6116098440737592,0.15357848180380204
id18732,0.07934672656959163,0.8351563552030723,0.08549691822733602
id11915,0.1313662436382639,0.7519874271201028,0.11664632924163319
id09739,0.6021842022858712,0.23149127451637624,0.16632452319775257
id24672,0.8226617326681346,0.05500431946147677,0.12233394787038858
id00414,0.01821692295340434,0.04538596619392944,0.9363971108526663
id16307,0.6150136819984372,0.26206496947871205,0.12292134852285083
id14043,0.25193532590114653,0.041156339128525794,0.7069083349703276
id00517,0.014671666582902724,0.015564200182663572,0.9697641332344337
id09744,0.7243480159876279,0.16231068131971585,0.1133413026926564
id19257,0.8510565298118314,0.05580715951581348,0.0931363106723551
id15437,0.6732268866332772,0.22667476752039462,0.10009834584632815
id16352,0.14881646985036714,0.14853220424697158,0.7026513259026612
id18849,0.28502981852413806,0.18480505621724716,0.5301651252586148
id19434,0.07095922360882438,0.9019572440343644,0.027083532356811078
id17928,0.30774603611412416,0.2565332376226638,0.435720726263212
id16896,0.20562487751481842,0.20563538278161325,0.5887397397035684
id02135,0.085639475950363,0.24221541187348528,0.6721451121761517
id15075,0.7919284422019737,0.13175975945476293,0.07631179834326349
id27486,0.27817575065850897,0.591423256527583,0.13040099281390807
id19422,0.780521156622875,0.16503220995505408,0.054446633422070914
id09603,0.34399270536674076,0.4354850559327136,0.22052223870054574
id02133,0.37062839877117376,0.49129868518951514,0.13807291603931124
id03441,0.6481175843982111,0.03474402726740085,0.3171383883343882
id02398,0.14038209942320076,0.7501109804864616,0.10950692009033743
id05152,0.22971541589598585,0.07051198407440148,0.6997726000296126
id17838,0.5005024150984636,0.11421843285674897,0.3852791520447876
id25060,0.3688138942415234,0.5033841072072837,0.12780199855119292
id09998,0.3792614579798553,0.14855830630785274,0.4721802357122919
id01828,0.14345865582889614,0.5944717467019548,0.2620695974691491
id25377,0.5068336269738641,0.23827707925024735,0.2548892937758884
id22175,0.27542136844905957,0.6503002323883975,0.07427839916254278
id02974,0.18701971655736127,0.16030206150750717,0.6526782219351316
id26955,0.8458195320146566,0.13080084996298874,0.023379618022354533
id21091,0.591583302149849,0.09450033758421943,0.31391636026593156
id12802,0.6771436199003547,0.23452238745021436,0.08833399264943102
id07432,0.09114606383323773,0.8127598218402383,0.09609411432652393
id18749,0.19652066411849375,0.6356062156412092,0.16787312024029705
id15030,0.07615079038989016,0.11543481656132543,0.8084143930487845
id17155,0.27518661942179734,0.6060467592763773,0.11876662130182533
id08128,0.19313441164073103,0.614355281616488,0.1925103067427809
id25706,0.11115425694764833,0.5722878754064571,0.31655786764589466
id15645,0.9654564704185393,0.022045546645484634,0.012497982935976117
id04943,0.5488937488648736,0.3303760129486491,0.12073023818647728
id27566,0.19416016250118381,0.14492211114491294,0.6609177263539032
id11765,0.27900302530267207,0.1976331106686791,0.5233638640286488
id13783,0.4042917298007022,0.3400829676130934,0.2556253025862043
id00492,0.14662083682941335,0.0522225818397974,0.8011565813307893
id27636,0.17346350317523562,0.1637982224686488,0.6627382743561155
id04273,0.33509792827794826,0.47512171339281595,0.18978035832923576
id02537,0.21806696644441959,0.10765543580348831,0.6742775977520922
id24349,0.5404211833477024,0.3507299734272929,0.1088488432250047
id00023,0.051799054332946425,0.8624986139620423,0.08570233170501111
id23025,0.38863634427329136,0.42433683818867896,0.18702681753802974
id08722,0.8067169571296328,0.07322617066869128,0.12005687220167592
id02420,0.8594018674133428,0.11954381117472607,0.02105432141193108
id10811,0.7143624102142222,0.11217670606922212,0.17346088371655563
id04019,0.1648352718868221,0.15877537771523315,0.6763893503979447
id18334,0.8050776334548538,0.12685556091759764,0.0680668056275486
id16781,0.674615490349568,0.21258792122128228,0.11279658842914966
id08773,0.6553771500932405,0.23507565069858424,0.10954719920817524
id19214,0.6947140925109889,0.15532118433523676,0.14996472315377443
id09589,0.1796656908373425,0.4766296171743203,0.34370469198833725
id24246,0.7426576967499285,0.1675888741280879,0.08975342912198364
id23577,0.7897733841759603,0.19310576661774329,0.017120849206296522
id09305,0.7698916464574098,0.08940570881820362,0.14070264472438657
id16460,0.4544156323714211,0.33824425983394385,0.207340107794635
id21115,0.6978449157595294,0.1580863232962944,0.1440687609441762
id25996,0.3059776344443574,0.1466923584718129,0.5473300070838297
id02551,0.15030829597425868,0.15484483960837386,0.6948468644173675
id19352,0.11175524711989417,0.046050516564324746,0.8421942363157812
id03806,0.1715181164230051,0.08409452477618921,0.7443873588008056
id26544,0.8491485496321965,0.03794796024840511,0.11290349011939832
id18761,0.6812094803984015,0.13128655013867802,0.18750396946292047
id24148,0.12159966856830792,0.7844422146500154,0.09395811678167684
id16095,0.15667050890173978,0.5368658507337962,0.30646364036446405
id18442,0.5098819068312055,0.3678333895196913,0.12228470364910322
id22596,0.011608994973061443,0.013173379902372453,0.9752176251245661
id23002,0.2105794298093743,0.1338412594636806,0.6555793107269451
id04797,0.9138575981541179,0.040117906738796165,0.0460244951070858
id06610,0.2708019380032916,0.06611080689359834,0.66308725510311
id16173,0.3131646291214027,0.3696490797675136,0.31718629111108365
id18292,0.12800939989510143,0.2593369234603107,0.6126536766445879
id27328,0.9166637167520411,0.03763935828741924,0.045696924960539786
id01695,0.1835357632106613,0.6029409184793224,0.21352331831001614
id05761,0.36713824799435957,0.0995765052592419,0.5332852467463985
id16354,0.8429209649995555,0.05473947129651119,0.10233956370393338
id12207,0.26912756820706263,0.4006618287928573,0.3302106030000801
id05665,0.2826112687734008,0.14265136995345787,0.5747373612731413
id01911,0.7960784270553704,0.10115531063675036,0.10276626230787939
id19153,0.19550630562387583,0.06384579007583377,0.7406479043002904
id10295,0.3860182764893113,0.2054511915252333,0.4085305319854553
id23038,0.34710622332473506,0.40343858870522753,0.24945518797003738
id23783,0.34456657643577115,0.5514316217668888,0.10400180179733996
id27879,0.8261510020306317,0.14228575669732965,0.031563241272038696
id19190,0.23038909049476616,0.7222429228533034,0.04736798665193048
id05065,0.4441219165613251,0.258910977769479,0.29696710566919593
id21296,0.2808971890670746,0.6027465387254282,0.11635627220749731
id13262,0.2147692828882264,0.2716905413984964,0.5135401757132773
id10333,0.7410193470126553,0.14892727749677415,0.11005337549057054
id16677,0.6286214021505935,0.2148779762427095,0.15650062160669703
id01392,0.3414084656482815,0.2913782914580592,0.36721324289365925
id27874,0.954311615900687,0.035065763629506724,0.010622620469806393
id02294,0.1402891005537553,0.4469375653871416,0.4127733340591031
id18298,0.08591530317415413,0.08742015603333753,0.8266645407925084
id06997,0.8497320656612602,0.09250046752350717,0.05776746681523243
id05243,0.3835641717281892,0.3311814813493733,0.28525434692243745
id00860,0.16579035452120872,0.6178258838575681,0.21638376162122316
id26681,0.5639126412627109,0.3079426201209308,0.12814473861635814
id06020,0.1542656905787158,0.04713311259782894,0.7986011968234553
id27683,0.5435963195974737,0.20409044304251384,0.25231323736001243
id17655,0.19832306438335903,0.6475715531262868,0.15410538249035424
id08817,0.20653721847581136,0.1434814664832926,0.6499813150408961
id11512,0.028715015149958684,0.08575666216376342,0.8855283226862779
id00478,0.5083688524668342,0.1776614167142998,0.31396973081886603
id02116,0.6780188638813012,0.15091353138897518,0.1710676047297236
id06746,0.5682434490785472,0.19020835490225554,0.24154819601919728
id03863,0.40093008316001943,0.3975050427794678,0.20156487406051266
id01802,0.2904393734196712,0.20911030220649598,0.5004503243738329
id11682,0.6938673241895522,0.11432556132891394,0.19180711448153387
id04033,0.12397811016608638,0.7966894877807911,0.07933240205312249
id09286,0.2993658544227687,0.5015259363477964,0.1991082092294348
id12904,0.7648096613237667,0.09167102575627986,0.14351931291995346
id07420,0.06715106694632361,0.10458268080999367,0.8282662522436828
id22398,0.06746356900591935,0.8950817145102006,0.03745471648388002
id00424,0.19602583560176345,0.13261926890799794,0.6713548954902386
id20960,0.8777996658376155,0.08182635187194401,0.040373982290440535
id10267,0.6836582326663754,0.18094005781636968,0.1354017095172549
id19330,0.4568909501861679,0.1542722464787305,0.3888368033351017
id00994,0.07672854250860861,0.810817838552795,0.11245361893859636
id10785,0.4280617921534497,0.31478306806358,0.2571551397829703
id00955,0.19028483740406488,0.6358627343124522,0.17385242828348296
id09757,0.04406578619014552,0.9040916123634073,0.05184260144644711
id10030,0.23201925528290604,0.25187461428683755,0.5161061304302564
id22952,0.29641644425526603,0.3123757175353039,0.39120783820943
id21955,0.0539168759500924,0.19236145006711694,0.7537216739827907
id07674,0.2865623902593167,0.35808347611236774,0.3553541336283156
id13760,0.369240222044832,0.47188439453002795,0.1588753834251401
id18166,0.8051545259583136,0.0833835048215632,0.11146196922012314
id23498,0.3255170339738656,0.4951620857282779,0.1793208802978564
id05296,0.8220096451993144,0.0744451191013217,0.10354523569936375
id26709,0.5796940219194188,0.23797683105981896,0.18232914702076222
id02853,0.8180430520091804,0.14014112304574855,0.041815824945071044
id06800,0.47243979087819205,0.1813125467615583,0.34624766236024956
id14758,0.5455600191799544,0.39314885543481787,0.06129112538522762
id12356,0.8817245916827664,0.060842878275246655,0.057432530041987
id21492,0.7646531725769582,0.12687223076941995,0.1084745966536219
id27540,0.4418629626243993,0.3136127056133006,0.24452433176230012
id07376,0.1102895812057674,0.2669932876840596,0.6227171311101731
id15201,0.3961105276595266,0.35144443581781043,0.25244503652266304
id23388,0.10217744929890338,0.7042203082229225,0.19360224247817412
id13923,0.22475064197228217,0.6550527071306452,0.12019665089707267
id00794,0.07850973170160828,0.7502280110843381,0.1712622572140536
id23910,0.35485932449544416,0.12381232427515375,0.5213283512294021
id02556,0.10925364919492732,0.18625438963845597,0.7044919611666167
id22151,0.12040279496716894,0.8401029410076694,0.03949426402516164
id11698,0.2065246449515468,0.5641652429365414,0.22931011211191188
id11627,0.6109512988849086,0.12781320900748003,0.26123549210761143
id06340,0.8039350483661809,0.0845124544559818,0.11155249717783736
id05123,0.9419507068862085,0.011045945211825437,0.04700334790196595
id26620,0.08463032861348327,0.03819923759141392,0.8771704337951028
id04002,0.15795769499856535,0.25445245222441565,0.587589852777019
id26554,0.06524783368808226,0.6467772834708427,0.28797488284107503
id18012,0.4293402320874316,0.21205432094355903,0.3586054469690095
id12964,0.31829098433143016,0.1601107947060287,0.5215982209625412
id18965,0.06988759720181538,0.44720852960670776,0.48290387319147693
id19082,0.563464648334292,0.10140656933935081,0.3351287823263571
id26742,0.14151198015413724,0.02496524251306315,0.8335227773327997
id15442,0.6359943523536707,0.295242687265636,0.06876296038069325
id16647,0.5134342059511904,0.06025080380597025,0.4263149902428394
id11544,0.4842095943138108,0.1663318337389295,0.3494585719472598
id20581,0.31777103280734914,0.18946273205159964,0.49276623514105133
id13192,0.2912674537920701,0.6225227333240617,0.08620981288386811
id15814,0.13735285007589657,0.2838995746907751,0.5787475752333283
id26279,0.3335681604400237,0.5180528571697136,0.14837898239026268
id00240,0.7037626055338765,0.13245776302966056,0.16377963143646307
id22836,0.8090618459885758,0.05143316546641108,0.1395049885450131
id15085,0.08836142896071487,0.7463373755884029,0.1653011954508823
id17495,0.5482898139497558,0.1746077269650001,0.27710245908524406
id26762,0.6553837904475303,0.060396607423522534,0.28421960212894726
id13685,0.8747818647023506,0.013451791254432518,0.11176634404321688
id16560,0.15405485286891496,0.7688135492509436,0.07713159788014143
id17184,0.0667897078844668,0.842872483615426,0.09033780850010728
id21635,0.9395957297963962,0.033141559544840084,0.02726271065876386
id26751,0.2910555063417724,0.4766171015351571,0.23232739212307058
id12351,0.6714778999580445,0.13932859960426683,0.1891935004376886
id14872,0.36047870680632005,0.46581427361495675,0.17370701957872325
id18372,0.7705275310618536,0.09985486740999588,0.1296176015281505
id26851,0.5573006616038809,0.1865092723373123,0.25619006605880673
id22659,0.6157649628982552,0.3186502636670952,0.06558477343464955
id04102,0.18515317206533488,0.033800937078280836,0.7810458908563842
id02353,0.05992249952217768,0.8214416333651119,0.11863586711271036
id26721,0.8099533807895273,0.12598888681194642,0.06405773239852625
id11171,0.503933544596344,0.2290589551128338,0.26700750029082226
id13562,0.3970387617363995,0.5036911935525659,0.09927004471103466
id26425,0.32968533685924406,0.2623753969622248,0.4079392661785312
id26394,0.29725639033407175,0.2948928295588745,0.4078507801070537
id22187,0.5439313662436763,0.12524944965397097,0.33081918410235267
id00422,0.8886666097907333,0.07715272720528536,0.03418066300398126
id22667,0.06931004622130268,0.8987097807756333,0.031980173003063966
id00911,0.5186526309840488,0.10635204562101863,0.37499532339493247
id17291,0.4907538639412943,0.05991076591204398,0.44933537014666175
id01915,0.08995518501856087,0.5776723221828209,0.33237249279861825
id01434,0.326798133008861,0.17791641926663254,0.4952854477245064
id01584,0.5002693378741532,0.15901686287356548,0.3407137992522813
id09266,0.6066805654032411,0.1848109955723619,0.2085084390243971
id17494,0.0545047530272132,0.8545737452516436,0.09092150172114315
id24919,0.5670861164781358,0.17205473420539627,0.26085914931646786
id21043,0.30986616542323464,0.021796969987771374,0.6683368645889939
id17796,0.27457237496082376,0.6827963053232952,0.04263131971588107
id02166,0.2838581446951993,0.10856335288419794,0.6075785024206027
id17503,0.6895449497916345,0.16278197405609263,0.14767307615227296
id21203,0.5920897448606703,0.1608088076333771,0.24710144750595248
id25626,0.8854424704195051,0.07634383731162445,0.038213692268870315
id09836,0.8454001611267908,0.08163822896653025,0.07296160990667888
id24202,0.19206764339173443,0.37871385377108374,0.42921850283718177
id27260,0.5370116672770607,0.13247960502468115,0.3305087276982581
id23167,0.09878928437468161,0.056445336804388936,0.8447653788209295
id10393,0.12782399985585063,0.7879296212045559,0.08424637893959333
id01171,0.8177793862499584,0.08581198591238859,0.09640862783765297
id06380,0.7962058255060213,0.08530771458362112,0.11848645991035758
id22686,0.22067618831278837,0.10643267325485062,0.672891138432361
id26250,0.46425128372588176,0.07699449665616466,0.45875421961795354
id09315,0.22502507486161222,0.5525088279616344,0.22246609717675336
id00886,0.15307126462090365,0.5751903066608429,0.27173842871825354
id03101,0.787894318447828,0.11384552422965238,0.09826015732251965
id12367,0.545476533050824,0.1395271535320396,0.31499631341713635
id10770,0.8317728198347325,0.07473140946739834,0.093495770697869
id14949,0.4140178621830491,0.5037670223654028,0.08221511545154814
id14141,0.31235987925920705,0.6111551485533027,0.07648497218749023
id25417,0.5083955497055939,0.3342083268638791,0.15739612343052703
id26873,0.6621623901986797,0.26201835010361413,0.07581925969770616
id10818,0.35340133647118416,0.10276246353254775,0.543836199996268
id15146,0.7173398044880254,0.11690927521950435,0.16575092029247013
id23328,0.7467321229860806,0.1470980442088819,0.10616983280503733
id16765,0.3881206680847294,0.4310831042411427,0.1807962276741279
id24383,0.6220005946208551,0.06847189072107962,0.30952751465806533
id21304,0.7910218655459507,0.16819103958463516,0.040787094869413995
id12551,0.1843611920647632,0.6420116677311899,0.17362714020404688
id23274,0.3167209087734893,0.3530780345106518,0.33020105671585886
id08117,0.8181656134223917,0.07653838569752013,0.10529600088008831
id23961,0.4505971928980477,0.07234427574432277,0.47705853135762943
id13865,0.3422192747931098,0.5451764637848405,0.1126042614220497
id22807,0.3124743019986229,0.16057103663305966,0.5269546613683175
id08951,0.25496498612691104,0.026236468304857763,0.7187985455682312
id18684,0.9344732513250062,0.033728045995303886,0.031798702679689934
id25179,0.3247549788423813,0.35022698866917507,0.32501803248844363
id27033,0.6372844331665092,0.14058327929809938,0.22213228753539144
id13977,0.18957538386988726,0.6246784807570988,0.18574613537301402
id19337,0.0658299352380402,0.8234465857364404,0.11072347902551957
id25764,0.1121791108464013,0.8538797976572022,0.03394109149639636
id16106,0.5107943998039447,0.0797113773589876,0.40949422283706766
id05468,0.28967582399620345,0.07619268998858207,0.6341314860152145
id05241,0.6978832160313787,0.028252208762758534,0.2738645752058628
id10215,0.47800264851792973,0.27764990415952145,0.24434744732254876
id23457,0.1626008747020323,0.2508804644667107,0.586518660831257
id02200,0.8431758641868469,0.1109699006453265,0.04585423516782645
id13714,0.24330991892115345,0.5256920847738098,0.23099799630503676
id20332,0.07803685315006822,0.07772548428064219,0.8442376625692896
id18573,0.19276039160129424,0.25242261249950815,0.5548169958991976
id08569,0.834666880334377,0.04688324237410661,0.11844987729151643
id22767,0.37967593121027493,0.3566410258538803,0.26368304293584466
id25390,0.23082210093066424,0.5847032025975631,0.1844746964717726
id09288,0.6970025836340579,0.12359836742826498,0.17939904893767708
